48 27
95 90 73 6 75 2 2 65 36 42 39 61 21 48 82 39 29 54 6 77 42 18 66 79 18 86 96 39 56 6 64 96 21 18 9 41 87 93 87 86 75 52 57 42 73 30 66 91 
77 17 61 49 42 20 45 79 16 15 84 71 5 34 61 61 70 34 75 44 57 78 38 32 56 59 83 57 4 25 16 96 63 44 1 85 9 39 79 13 7 34 41 43 39 38 35 72 
98 24 87 15 54 96 83 34 22 75 34 43 54 10 38 34 20 53 17 6 92 18 74 96 60 57 78 26 36 20 76 15 17 19 83 65 50 6 7 71 39 70 77 71 57 42 56 75 
40 2 62 71 18 76 96 21 62 79 39 58 24 56 23 88 79 98 2 26 80 99 6 85 9 45 92 15 66 69 78 64 11 76 75 80 43 30 78 90 94 47 85 63 23 52 11 59 
8 39 27 28 2 43 0 96 75 38 91 84 63 32 39 66 88 67 64 32 44 68 58 11 31 77 29 52 45 18 13 91 55 77 5 0 22 30 0 41 3 62 90 96 11 76 5 54 
46 80 0 90 32 49 57 57 36 32 22 1 72 14 41 44 55 8 14 54 13 98 47 96 25 80 77 61 69 71 66 77 22 92 1 66 12 1 10 24 26 70 99 66 3 32 78 86 
25 16 36 50 39 44 98 93 24 10 5 50 77 12 34 93 13 53 57 28 25 75 50 25 50 80 52 59 83 29 47 78 45 90 2 91 42 0 72 2 27 60 9 48 31 0 48 5 
39 12 48 71 52 74 34 44 89 6 45 34 18 0 40 34 91 59 67 7 97 80 77 99 54 45 4 85 56 89 53 48 23 98 95 91 39 83 0 40 93 45 36 71 69 87 25 80 
93 87 32 61 10 39 57 48 85 97 84 6 61 40 45 85 50 12 83 46 48 98 99 57 27 92 79 66 21 0 83 51 5 99 73 48 60 85 55 55 95 20 54 51 52 66 77 94 
21 51 80 26 3 82 52 44 20 2 5 96 70 88 5 71 37 79 66 62 31 7 3 70 47 91 87 87 12 20 85 38 42 5 60 22 69 58 37 47 75 1 51 33 64 52 49 35 
2 34 90 69 74 2 90 74 21 50 29 15 89 9 19 7 17 72 68 84 96 66 27 29 9 17 67 87 59 47 60 86 18 32 44 12 53 66 96 55 27 3 96 47 60 14 58 63 
0 87 96 14 0 91 65 28 32 50 75 81 40 58 75 6 58 15 63 50 71 39 11 53 15 36 19 79 60 60 52 67 6 95 81 48 58 69 50 37 93 5 64 55 99 61 45 82 
36 14 40 6 57 94 77 97 25 98 36 52 12 86 19 1 97 75 7 43 48 51 53 28 65 7 48 33 85 96 76 44 80 72 20 46 37 66 27 49 5 33 45 46 23 43 2 79 
72 19 46 16 96 6 57 37 86 83 14 37 6 42 51 95 58 95 72 47 99 48 70 15 53 22 15 22 94 94 73 93 12 36 61 35 4 79 12 8 74 93 21 51 68 48 48 17 
52 14 2 89 15 96 70 48 39 53 28 42 66 45 48 54 48 84 35 30 96 14 89 40 48 50 33 40 86 9 25 24 63 68 40 34 39 18 72 39 71 25 91 94 22 24 45 46 
94 69 59 38 14 3 15 22 27 47 91 16 63 98 58 5 51 76 92 65 9 91 16 29 47 33 56 82 82 78 48 14 58 91 37 91 8 36 35 27 96 12 69 13 92 44 26 15 
82 47 53 90 62 33 67 31 32 97 88 31 60 69 32 11 53 49 73 7 65 61 60 26 46 69 78 64 85 70 83 27 33 41 32 60 57 85 96 61 15 97 81 17 88 49 93 77 
68 41 92 13 66 0 34 20 30 38 15 8 55 41 91 78 55 60 14 78 30 61 56 12 15 48 50 95 88 43 27 1 88 88 41 89 5 24 31 21 31 23 62 9 14 79 19 66 
53 85 15 65 6 68 37 9 39 66 43 16 95 8 88 2 18 17 39 65 68 83 47 78 7 62 77 7 56 68 48 96 19 38 44 69 85 74 6 96 49 76 89 73 34 64 42 14 
87 25 26 88 1 83 53 45 2 92 86 16 97 88 97 73 7 61 45 80 8 21 0 84 96 96 27 70 91 15 22 19 29 90 45 19 92 20 92 82 28 74 84 58 56 12 31 83 
34 1 69 4 48 70 80 32 20 59 22 9 90 81 41 40 87 81 76 99 91 53 99 73 46 7 69 18 27 8 71 69 21 70 37 47 4 18 64 97 29 81 37 63 32 51 66 14 
15 45 91 43 26 15 75 39 91 14 6 73 0 48 88 22 79 57 72 48 3 98 45 63 73 66 12 2 50 98 3 77 40 84 20 80 58 16 77 73 8 36 32 37 90 31 3 72 
59 28 47 43 78 71 17 40 51 76 62 3 91 54 98 89 92 23 51 75 80 17 4 62 7 36 50 19 14 57 42 6 15 40 50 99 68 24 12 61 54 41 15 16 97 55 35 66 
65 40 42 56 66 95 64 15 39 95 57 97 29 90 1 90 22 7 3 33 25 55 33 98 3 92 52 85 83 68 45 41 41 40 95 4 32 44 10 40 85 65 91 37 14 34 76 25 
20 92 34 69 35 26 76 9 45 10 16 14 34 88 13 42 73 8 58 19 35 24 77 87 32 41 68 60 63 43 64 87 6 57 30 85 52 98 28 13 85 90 74 25 85 87 66 82 
68 70 58 98 20 94 89 95 28 1 21 40 56 59 92 38 82 65 80 89 32 55 34 57 93 20 39 97 77 29 95 35 1 35 89 66 26 68 0 95 50 69 21 2 32 19 54 76 
97 85 17 40 16 78 33 7 55 49 57 8 2 46 8 54 19 25 53 57 82 80 18 80 6 34 86 1 80 66 76 28 52 1 8 67 81 86 52 27 53 71 29 96 71 43 37 23 
68 93 88 63 68 95 34 87 37 22 66 11 10 76 82 16 24 68 3 41 16 73 9 29 57 61 7 8 61 0 27 32 78 19 44 44 71 73 71 39 54 49 11 65 40 72 81 68 
