43 10
54 18 57 85 29 15 63 2 17 43 19 67 47 69 95 3 73 3 48 85 58 59 6 30 24 32 73 3 97 20 50 31 80 3 0 20 33 58 3 76 50 34 80 
79 32 74 49 42 49 71 10 79 83 70 40 23 50 71 29 18 46 99 30 21 76 24 44 58 96 71 64 60 98 51 40 3 51 1 5 80 18 74 49 13 20 25 
12 83 88 17 8 50 24 95 57 11 90 66 10 93 53 65 60 42 3 52 7 41 10 0 99 27 71 87 14 25 41 17 48 42 15 74 45 73 20 11 39 54 5 
29 53 89 66 56 4 60 98 92 20 16 80 67 52 39 98 1 11 16 91 71 28 71 61 45 20 40 58 53 27 50 11 63 94 33 27 27 95 31 42 16 6 15 
24 1 97 61 3 24 8 36 81 15 10 16 5 73 81 20 91 69 65 27 36 28 25 84 67 49 76 46 76 66 67 20 84 91 10 58 11 44 18 18 34 25 67 
89 18 14 25 18 28 29 34 27 40 54 40 96 35 83 48 65 11 52 64 76 37 75 45 10 15 92 10 47 37 99 47 15 93 79 29 64 79 1 25 89 58 33 
0 89 70 17 46 38 43 38 36 21 19 96 47 88 59 87 35 35 12 84 89 84 34 67 19 15 45 76 61 25 19 31 3 98 98 39 4 3 79 65 91 7 24 
65 21 54 6 50 3 32 32 41 54 77 17 0 89 65 47 22 79 17 16 48 62 29 39 8 3 57 61 52 66 21 57 96 55 30 94 55 21 12 93 27 32 44 
91 98 52 56 70 3 39 14 99 66 35 21 43 52 86 19 50 10 23 69 5 43 11 31 92 16 99 71 39 70 36 91 57 33 28 77 10 83 76 89 91 34 11 
4 26 91 90 22 64 90 84 13 41 27 79 84 37 70 61 81 65 2 32 32 54 59 47 77 62 10 19 50 77 41 36 20 99 12 59 56 90 52 48 14 44 18 
50 1 95 21 31 1 45 61 57 10 28 5 73 37 69 96 3 21 75 18 0 89 62 54 63 43 89 50 35 15 64 94 63 58 52 92 16 14 20 60 50 68 41 
